1 10
0 2
1 3
2 4
3 5 
4 6
5 7
6 8 17
7 9
8 19
0 20
12 21
11 13
12 14
13 15
14 16
15
7 27
28
9 29
10 30
11 31
23 32
22 24
23 25
24 26
25 27
17 26 37
18 38
19 39
20 40
21 41
22 42
34 43
33 35
34 36
35 37
27 36 47
28 48
29 49
30 50
31 51
32 52
33 44 53
43 45
44 46
45
37 57
38 58
39 59
40 60
41 61
42 62
43 62
55 64
54 56
55 57
47 56
48
49 69
50 70
51 71
52 72
53 73
54 74
66 75
65 67
66
69 78
59 68
60 80
61
62 73 82
63 72 74
64 73 84
65 85
77 86
76 78 87
68 77 88
89
70 81 90
80 82
72 81
93
74 94
75
76 87 96
77 86 88
78 87
79 99
80 91
90 92
91 93
83 92
84 95
94 96
86 95 97
96 98
97 99
89 98
end
5
0
99